0.000000
0.000000
0.000000
0.000076
0.000149
0.000256
0.000406
0.000607
0.000864
0.001184
0.001577
0.002048
0.002604
0.003252
0.004000
0.004854
0.005823
0.006912
0.008129
0.009481
0.010977
0.012619
0.016384
0.018518
0.020830
0.023327
0.026016
0.026016
0.032000
0.035307
0.038836
0.038836
0.042591
0.046581
0.050814
0.055296
0.060032
0.065033
0.070303
0.075851
0.081684
0.087807
0.094229
0.100958
0.107998
0.115360
0.123049
0.131071
0.148146
0.157213
0.166637
0.176418
0.186560
0.197062
0.207924
0.219151
0.230742
0.242697
0.255020
0.267712
0.294203
0.308006
0.322182
0.336733
0.351658
0.366961
0.382641
0.398701
0.415142
0.431965
0.449169
0.466759
0.484735
0.503098
0.521847
0.540987
0.560516
0.560516
0.580439
0.600754
0.621464
0.642569
0.664070
0.685970
0.708271
0.730970
0.754072
0.777576
0.801487
0.825802
0.850523
0.875652
0.901192
0.927141
0.952654
0.977968
1.003674
1.029772
1.056265
1.083151
1.110424
1.138077
1.166103
1.194490
1.223236
1.252329
1.281761
1.311527
1.341618
1.372023
1.402739
1.433754
1.465063
1.496656
1.528526
1.560667
1.593069
1.625725
1.658625
1.691765
1.725132
1.758724
1.792528
1.826429
1.858578
1.858578
1.890903
1.923403
1.956064
1.988884
2.021852
2.054964
2.088211
2.121584
2.155077
2.188683
2.222393
2.256201
2.290100
2.324081
2.358139
2.392263
2.426449
2.460688
2.494974
2.529297
2.563652
2.598030
2.666241
2.666241
2.698353
2.730465
2.762577
2.794693
2.826809
2.858927
2.891045
2.923164
2.955286
2.987410
3.019531
3.051657
3.083782
3.115910
3.148037
3.180164
3.212296
3.244425
3.276556
3.308689
3.340822
3.372957
3.405090
3.437117
3.466873
3.496630
3.496630
3.526388
3.585905
3.585905
3.615665
3.645426
3.675186
3.704947
3.734709
3.764471
3.794233
3.823996
3.883522
3.913286
3.943048
3.972813
4.002577
4.032343
4.062107
4.091871
4.121637
4.151402
4.206387
4.233694
4.261003
4.288311
4.315619
4.342928
4.370235
4.397543
4.424852
4.452160
4.479467
4.506777
4.534084
4.561392
4.588701
4.616009
4.643316
4.670626
4.697933
4.725243
4.752550
4.779858
4.807167
4.832815
4.857595
4.882378
4.907158
4.931940
4.956720
4.956720
5.006283
5.006283
5.031065
5.055845
5.080627
5.105408
5.130190
5.154970
5.179752
5.204533
5.229315
5.254095
5.278875
5.303658
5.328438
5.353220
5.378000
5.402782
5.426363
5.448555
5.470745
5.515127
5.537317
5.559507
5.581697
5.603889
5.626080
5.648270
5.670460
5.692652
5.714842
5.737032
5.759224
5.781414
5.803604
5.825794
5.847986
5.870176
5.892366
5.914558
5.936749
5.958225
5.977768
5.997311
5.997311
6.036398
6.036398
6.055941
6.075483
6.114569
6.134111
6.134111
6.153656
6.173199
6.192741
6.212284
6.231827
6.251369
6.270914
6.290457
6.309999
6.329542
6.349085
6.368628
6.388172
6.407715
6.427052
6.443897
6.460743
6.477589
6.494434
6.511280
6.528124
6.544970
6.561815
6.578661
6.595507
6.612350
6.629196
6.646042
6.662888
6.679733
6.696577
6.713423
6.730268
6.747114
6.763960
6.780804
6.797649
6.814495
6.831341
6.845768
6.859871
6.873976
6.873976
6.888081
6.902184
6.916288
6.930393
6.944498
6.958601
6.972706
6.986811
7.000916
7.015018
7.029123
7.043228
7.057333
7.071436
7.085541
7.099646
7.113749
7.127853
7.141958
7.156063
7.170166
7.182358
7.193686
7.205013
7.216339
7.227667
7.238995
7.250322
7.261648
7.284304
7.295630
7.306957
7.318285
7.329611
7.340939
7.363594
7.374920
7.386248
7.397575
7.408901
7.420229
7.431557
7.442883
7.452822
7.461342
7.469862
7.478384
7.486904
7.486904
7.495426
7.503946
7.512468
7.520988
7.529509
7.538031
7.555073
7.555073
7.563593
7.572115
7.580635
7.589155
7.597677
7.606197
7.614719
7.623240
7.631762
7.648802
7.656471
7.662163
7.667856
7.673550
7.679241
7.684935
7.690628
7.696320
7.702013
7.707706
7.713398
7.719091
7.724785
7.730476
7.736170
7.741863
7.747555
7.753248
7.758942
7.764633
7.770327
7.776020
7.781712
7.787405
7.792791
7.795641
7.798491
7.801340
7.804192
7.807041
7.807041
7.809891
7.812740
7.815590
7.818441
7.821291
7.824141
7.829842
7.829842
7.832691
7.835541
7.841242
7.841242
7.846941
7.849791
7.852642
7.855492
7.858341
7.861191
7.861435
7.861435
7.861435
7.861435
7.861435
7.861435
7.861435
7.861435
7.861435
7.861435
7.861435
7.861435
7.861435
7.861435
7.861435
7.861435
7.861435
7.861435
7.861435
7.861435
7.861435
7.861435
7.861435
7.859381
7.856529
7.853680
7.850830
7.850830
7.845129
7.842279
7.842279
7.839430
7.836580
7.833729
7.830879
7.828030
7.825180
7.822329
7.819479
7.816629
7.813780
7.810928
7.808079
7.805229
7.802380
7.799530
7.796679
7.793829
7.789480
7.783787
7.778093
7.772402
7.766708
7.761015
7.755323
7.749630
7.743937
7.738243
7.732552
7.726858
7.721165
7.715473
7.709780
7.704086
7.698395
7.692701
7.687008
7.681316
7.675623
7.669930
7.664238
7.658545
7.651907
7.643387
7.634865
7.626345
7.617823
7.609303
7.600782
7.592260
7.592260
7.583740
7.575218
7.566698
7.549656
7.541136
7.541136
7.532614
7.524094
7.515572
7.507051
7.498529
7.490009
7.481489
7.472967
7.464447
7.455925
7.447010
7.435684
7.424356
7.413029
7.401703
7.390375
7.379047
7.367722
7.356394
7.345066
7.333740
7.322412
7.311085
7.299757
7.288431
7.277103
7.265776
7.254450
7.243122
7.231794
7.220469
7.209141
7.186487
7.175159
7.161203
7.147099
7.132994
7.118891
7.104786
7.104786
7.090681
7.076576
7.062473
7.048368
7.020159
7.020159
7.006056
6.991951
6.977846
6.963741
6.935534
6.935534
6.921429
6.907324
6.893221
6.879116
6.865011
6.850908
6.836803
6.820633
6.803789
6.786943
6.770098
6.753252
6.736406
6.719563
6.702717
6.685871
6.669025
6.652180
6.635336
6.618490
6.601645
6.584799
6.567953
6.551107
6.534264
6.517418
6.500572
6.483727
6.466881
6.450037
6.433191
6.395292
6.375750
6.356207
6.336664
6.317122
6.317122
6.278034
6.278034
6.258492
6.238949
6.199863
6.180321
6.180321
6.160776
6.141233
6.121691
6.102148
6.082605
6.063063
6.043518
6.023975
6.004433
5.984890
5.965347
5.944836
5.922644
5.900454
5.878263
5.856071
5.833881
5.811691
5.789499
5.767309
5.745119
5.722929
5.700737
5.678547
5.656357
5.634165
5.611975
5.589785
5.545403
5.523212
5.501020
5.478830
5.456640
5.434450
5.411812
5.387030
5.362249
5.337469
5.312687
5.287907
5.263124
5.238344
5.213562
5.213562
5.188782
5.164000
5.114437
5.114437
5.089657
5.064875
5.040094
5.015312
4.990532
4.965752
4.940969
4.916189
4.866627
4.866627
4.841845
4.817064
4.789808
4.762501
4.735193
4.707884
4.680576
4.653269
4.625959
4.598652
4.544035
4.516727
4.489418
4.462111
4.434803
4.407494
4.352879
4.325569
4.298262
4.270954
4.243645
4.216337
4.189028
4.161720
4.132483
4.102718
4.072952
4.043188
4.013422
3.983658
3.953892
3.924128
3.924128
3.894361
3.864597
3.834831
3.805067
3.745537
3.715771
3.686007
3.656242
3.626476
3.596712
3.566946
3.537182
3.507416
3.477652
3.447886
3.416712
3.384567
3.352421
3.320274
3.288130
3.255983
3.223839
3.191692
3.159548
3.127401
3.095257
3.063110
3.030966
2.998819
2.966675
2.934528
2.902382
2.870237
2.838091
2.805946
2.773802
2.741663
2.709536
2.677427
2.644434
2.610086
2.575777
2.541512
2.507296
2.473139
2.439043
2.405018
2.405018
2.337200
2.337200
2.303421
2.269737
2.236153
2.169315
2.169315
2.136072
2.102957
2.069973
2.037130
2.004431
1.971884
1.939493
1.907269
1.875214
1.843336
1.810804
1.777277
1.743959
1.710857
1.677977
1.645325
1.612907
1.580732
1.548807
1.517136
1.485727
1.454588
1.423725
1.393143
1.362850
1.332853
1.303160
1.273773
1.244705
1.215958
1.187542
1.159460
1.131716
1.104309
1.077242
1.050518
1.024134
0.998093
0.972397
0.947048
0.921127
0.895048
0.869339
0.844000
0.819033
0.770220
0.746376
0.746376
0.722910
0.677111
0.677111
0.654781
0.632835
0.590092
0.569296
0.548889
0.528870
0.509241
0.490002
0.471153
0.452700
0.434639
0.416975
0.399708
0.382839
0.366369
0.350300
0.334631
0.319368
0.304508
0.290054
0.276007
0.262367
0.249138
0.236319
0.223911
0.211916
0.200336
0.189173
0.178427
0.168097
0.158175
0.148657
0.139530
0.130789
0.122425
0.114428
0.106792
0.099506
0.092566
0.085958
0.079678
0.073715
0.073715
0.068064
0.062714
0.057655
0.052883
0.048388
0.044159
0.040192
0.036476
0.033003
0.029764
0.026752
0.023960
0.021378
0.018995
0.016806
0.014803
0.012976
0.011318
0.009819
0.008472
0.007269
0.006199
0.005257
0.004433
0.003719
0.003107
0.002588
0.002153
0.001797
0.001507
0.001278
0.001101
0.000967
0.000868
0.000795
0.000742
0.000656
0.000580
0.000507
0.000443
0.000383
0.000330
0.000259
0.000200
0.000151
0.000151
0.000097
0.000044
0.000000
0.000000
0.000000
0.000000
0.000000
0.000000